826	6139
0	5313
1	5314
2	5315
827	6140
3	5316
828	6141
4	5317
829	6142
830	6143
5	5318
6	5319
831	6144
7	5320
832	6145
8	5321
9	5322
833	6146
834	6147
835	6148
10	5323
836	6149
837	6150
838	6151
11	5324
12	5325
839	6152
13	5326
840	6153
14	5327
841	6154
842	6155
15	5328
16	5329
843	6156
844	6157
17	5330
18	5331
19	5332
845	6158
20	5333
846	6159
847	6160
848	6161
849	6162
21	5334
850	6163
22	5335
851	6164
852	6165
853	6166
854	6167
855	6168
23	5336
24	5337
856	6169
857	6170
25	5338
26	5339
27	5340
858	6171
28	5341
29	5342
30	5343
31	5344
859	6172
860	6173
32	5345
861	6174
862	6175
863	6176
33	5346
34	5347
864	6177
865	6178
35	5348
866	6179
36	5349
37	5350
38	5351
39	5352
867	6180
868	6181
40	5353
41	5354
42	5355
869	6182
43	5356
870	6183
871	6184
44	5357
45	5358
46	5359
47	5360
872	6185
873	6186
48	5361
874	6187
49	5362
50	5363
51	5364
52	5365
875	6188
876	6189
877	6190
878	6191
53	5366
54	5367
55	5368
879	6192
880	6193
881	6194
56	5369
57	5370
58	5371
59	5372
60	5373
882	6195
61	5374
62	5375
63	5376
64	5377
65	5378
883	6196
66	5379
884	6197
885	6198
886	6199
67	5380
68	5381
69	5382
887	6200
70	5383
888	6201
889	6202
71	5384
72	5385
890	6203
73	5386
891	6204
892	6205
893	6206
74	5387
894	6207
895	6208
75	5388
76	5389
77	5390
896	6209
78	5391
897	6210
898	6211
79	5392
80	5393
81	5394
899	6212
82	5395
83	5396
900	6213
901	6214
902	6215
84	5397
85	5398
903	6216
904	6217
86	5399
905	6218
906	6219
87	5400
88	5401
89	5402
90	5403
91	5404
907	6220
908	6221
92	5405
909	6222
910	6223
911	6224
93	5406
912	6225
913	6226
914	6227
94	5407
95	5408
915	6228
96	5409
97	5410
916	6229
917	6230
918	6231
98	5411
919	6232
920	6233
921	6234
922	6235
99	5412
923	6236
100	5413
924	6237
101	5414
925	6238
102	5415
103	5416
926	6239
104	5417
927	6240
928	6241
105	5418
106	5419
929	6242
930	6243
107	5420
108	5421
931	6244
932	6245
933	6246
934	6247
935	6248
936	6249
109	5422
937	6250
938	6251
110	5423
939	6252
111	5424
112	5425
113	5426
940	6253
114	5427
115	5428
941	6254
116	5429
117	5430
118	5431
119	5432
942	6255
120	5433
943	6256
944	6257
121	5434
122	5435
123	5436
945	6258
946	6259
947	6260
948	6261
949	6262
124	5437
950	6263
951	6264
125	5438
126	5439
952	6265
127	5440
128	5441
129	5442
130	5443
131	5444
953	6266
132	5445
954	6267
133	5446
955	6268
956	6269
957	6270
958	6271
959	6272
134	5447
960	6273
135	5448
136	5449
961	6274
137	5450
962	6275
138	5451
963	6276
139	5452
964	6277
140	5453
965	6278
966	6279
967	6280
968	6281
969	6282
141	5454
142	5455
970	6283
143	5456
971	6284
972	6285
973	6286
144	5457
974	6287
145	5458
975	6288
146	5459
976	6289
147	5460
977	6290
978	6291
979	6292
980	6293
981	6294
148	5461
982	6295
983	6296
149	5462
150	5463
984	6297
151	5464
985	6298
152	5465
153	5466
154	5467
986	6299
155	5468
987	6300
988	6301
989	6302
156	5469
157	5470
158	5471
159	5472
160	5473
990	6303
991	6304
161	5474
162	5475
992	6305
993	6306
994	6307
995	6308
163	5476
164	5477
996	6309
997	6310
165	5478
998	6311
166	5479
167	5480
999	6312
1000	6313
168	5481
1001	6314
1002	6315
1003	6316
169	5482
170	5483
1004	6317
1005	6318
171	5484
1006	6319
1007	6320
1008	6321
172	5485
1009	6322
1010	6323
173	5486
1011	6324
1012	6325
1013	6326
174	5487
175	5488
1014	6327
1015	6328
176	5489
177	5490
1016	6329
178	5491
1017	6330
179	5492
1018	6331
180	5493
181	5494
1019	6332
1020	6333
1021	6334
182	5495
1022	6335
183	5496
184	5497
185	5498
186	5499
187	5500
188	5501
1023	6336
1024	6337
189	5502
1025	6338
190	5503
1026	6339
1027	6340
1028	6341
1029	6342
191	5504
1030	6343
192	5505
1031	6344
1032	6345
193	5506
194	5507
1033	6346
195	5508
1034	6347
1035	6348
196	5509
197	5510
1036	6349
1037	6350
1038	6351
198	5511
1039	6352
1040	6353
1041	6354
1042	6355
1043	6356
1044	6357
1045	6358
1046	6359
1047	6360
199	5512
1048	6361
200	5513
201	5514
1049	6362
202	5515
1050	6363
1051	6364
1052	6365
203	5516
204	5517
1053	6366
205	5518
1054	6367
1055	6368
1056	6369
1057	6370
1058	6371
1059	6372
206	5519
207	5520
208	5521
1060	6373
1061	6374
1062	6375
1063	6376
1064	6377
1065	6378
209	5522
1066	6379
210	5523
211	5524
212	5525
213	5526
214	5527
215	5528
216	5529
217	5530
218	5531
219	5532
220	5533
1067	6380
1068	6381
221	5534
222	5535
223	5536
1069	6382
224	5537
225	5538
226	5539
227	5540
228	5541
1070	6383
1071	6384
229	5542
230	5543
1072	6385
1073	6386
1074	6387
1075	6388
231	5544
232	5545
233	5546
1076	6389
1077	6390
234	5547
1078	6391
1079	6392
1080	6393
1081	6394
235	5548
1082	6395
1083	6396
236	5549
1084	6397
1085	6398
237	5550
1086	6399
238	5551
239	5552
1087	6400
1088	6401
1089	6402
240	5553
1090	6403
1091	6404
241	5554
242	5555
1092	6405
243	5556
1093	6406
244	5557
245	5558
246	5559
1094	6407
1095	6408
247	5560
248	5561
249	5562
1096	6409
1097	6410
250	5563
1098	6411
1099	6412
1100	6413
1101	6414
251	5564
1102	6415
252	5565
1103	6416
1104	6417
253	5566
1105	6418
254	5567
1106	6419
255	5568
1107	6420
256	5569
1108	6421
1109	6422
1110	6423
257	5570
1111	6424
1112	6425
1113	6426
258	5571
1114	6427
259	5572
1115	6428
1116	6429
1117	6430
260	5573
261	5574
262	5575
263	5576
1118	6431
264	5577
265	5578
266	5579
267	5580
1119	6432
1120	6433
268	5581
269	5582
270	5583
1121	6434
271	5584
1122	6435
272	5585
1123	6436
1124	6437
273	5586
1125	6438
274	5587
275	5588
276	5589
1126	6439
1127	6440
277	5590
278	5591
279	5592
280	5593
281	5594
282	5595
283	5596
1128	6441
1129	6442
1130	6443
284	5597
285	5598
1131	6444
1132	6445
1133	6446
1134	6447
286	5599
1135	6448
287	5600
288	5601
1136	6449
1137	6450
1138	6451
289	5602
1139	6452
1140	6453
1141	6454
290	5603
291	5604
1142	6455
1143	6456
292	5605
293	5606
1144	6457
1145	6458
1146	6459
294	5607
295	5608
296	5609
1147	6460
1148	6461
297	5610
298	5611
1149	6462
1150	6463
299	5612
300	5613
1151	6464
1152	6465
301	5614
1153	6466
1154	6467
302	5615
303	5616
304	5617
305	5618
306	5619
307	5620
308	5621
309	5622
310	5623
311	5624
312	5625
313	5626
314	5627
315	5628
316	5629
317	5630
318	5631
319	5632
320	5633
1155	6468
321	5634
1156	6469
1157	6470
322	5635
323	5636
324	5637
1158	6471
325	5638
1159	6472
1160	6473
326	5639
327	5640
1161	6474
328	5641
329	5642
1162	6475
1163	6476
1164	6477
330	5643
331	5644
332	5645
1165	6478
333	5646
334	5647
1166	6479
335	5648
1167	6480
1168	6481
336	5649
1169	6482
1170	6483
337	5650
1171	6484
338	5651
1172	6485
1173	6486
339	5652
340	5653
341	5654
1174	6487
1175	6488
342	5655
343	5656
344	5657
345	5658
346	5659
1176	6489
347	5660
1177	6490
348	5661
1178	6491
1179	6492
1180	6493
1181	6494
1182	6495
349	5662
350	5663
351	5664
352	5665
1183	6496
1184	6497
353	5666
354	5667
355	5668
356	5669
357	5670
358	5671
1185	6498
359	5672
360	5673
361	5674
362	5675
1186	6499
1187	6500
1188	6501
363	5676
1189	6502
364	5677
1190	6503
1191	6504
365	5678
1192	6505
1193	6506
366	5679
367	5680
1194	6507
368	5681
369	5682
1195	6508
1196	6509
1197	6510
1198	6511
370	5683
1199	6512
1200	6513
1201	6514
371	5684
372	5685
373	5686
1202	6515
1203	6516
374	5687
375	5688
1204	6517
376	5689
1205	6518
377	5690
1206	6519
1207	6520
1208	6521
378	5691
379	5692
380	5693
1209	6522
1210	6523
1211	6524
381	5694
1212	6525
1213	6526
382	5695
383	5696
1214	6527
1215	6528
384	5697
385	5698
386	5699
387	5700
388	5701
389	5702
1216	6529
1217	6530
1218	6531
1219	6532
390	5703
391	5704
392	5705
393	5706
1220	6533
1221	6534
394	5707
395	5708
1222	6535
396	5709
397	5710
398	5711
399	5712
400	5713
401	5714
1223	6536
1224	6537
402	5715
403	5716
1225	6538
