2580	11640
6219	15445
2133	11175
1400	10428
1553	10591
5847	15054
79	9177
7712	16965
3783	12910
3593	12716
6509	15723
8378	17656
7884	17136
5450	14613
8586	17893
5135	14311
1131	10190
3662	12784
1698	10727
4735	13890
4335	13500
7763	17016
6917	16136
8635	17954
1170	10226
7541	16798
1263	10314
2969	12073
3911	13051
4664	13822
8142	17431
873	9945
4604	13768
1959	10997
6047	15238
5013	14187
2605	11671
1049	10107
490	9588
2519	11563
8423	17725
7589	16851
660	9743
7215	16447
139	9244
5440	14596
2828	11914
2568	11619
4176	13331
2398	11449
2324	11375
151	9257
6532	15740
2382	11429
2240	11283
5690	14890
4126	13268
4570	13742
8477	17784
3155	12273
8010	17279
6791	16000
6713	15920
3259	12361
6261	15505
410	9507
2637	11710
6527	15735
3794	12929
862	9931
158	9271
1233	10287
2744	11822
8973	18301
1890	10914
3340	12435
2147	11192
7098	16331
3005	12123
5100	14289
4342	13508
8054	17333
8273	17565
4646	13805
5479	14648
2489	11537
2094	11144
843	9915
7448	16683
4170	13318
513	9608
4984	14153
7458	16692
1159	10212
8404	17699
4702	13863
1577	10618
7282	16516
5529	14704
8722	18038
7517	16766
7375	16606
2507	11554
1122	10181
3313	12415
1569	10607
2537	11582
1136	10194
8356	17635
401	9498
2077	11124
5069	14244
5966	15160
4501	13674
8677	17981
1806	10824
270	9372
2452	11499
3193	12300
3643	12763
784	9859
4226	13379
6130	15331
8339	17625
178	9297
5745	14939
8972	18300
3097	12216
1945	10975
727	9809
5620	14808
2271	11310
7374	16604
1982	11023
5373	14518
2641	11715
8687	17999
5169	14343
8103	17377
5076	14250
6149	15356
2757	11833
6196	15410
5671	14862
6014	15215
7475	16724
7549	16811
322	9422
8204	17477
1085	10150
586	9663
386	9481
8718	18033
9055	18375
3108	12228
4423	13592
1650	10686
7041	16280
7190	16415
5464	14623
5032	14208
5461	14621
821	9892
22	9113
3775	12901
302	9401
431	9531
7694	16949
6394	15624
2475	11520
1043	10099
5509	14680
1322	10355
1809	10825
7675	16927
6703	15910
1462	10504
6333	15564
2706	11791
7893	17146
7266	16499
6336	15567
2238	11279
5714	14904
8534	17844
1514	10559
100	9207
7207	16434
1815	10830
2480	11523
3447	12550
3501	12614
5247	14405
968	10031
6896	16117
8717	18032
893	9958
3664	12789
6096	15298
2197	11240
5396	14542
6670	15870
7057	16294
5937	15138
1206	10257
978	10043
432	9532
2806	11887
1690	10716
2464	11512
9053	18374
6754	15957
8219	17498
7264	16497
378	9469
1616	10654
4043	13181
1074	10139
3144	12256
2291	11343
5372	14517
5399	14545
8083	17359
1237	10290
1015	10077
3955	13091
5609	14795
1603	10647
8612	17925
7367	16594
6677	15877
6659	15857
6751	15954
1229	10285
908	9972
6234	15469
4456	13625
3204	12306
8125	17410
6801	16016
7796	17059
7154	16385
8990	18319
7581	16846
6126	15324
5692	14892
1183	10241
5909	15113
2708	11794
1124	10185
1361	10396
6392	15622
942	10007
3730	12857
720	9799
5675	14865
6242	15473
1343	10380
1542	10577
5401	14548
855	9925
7610	16871
206	9327
2438	11490
5629	14817
2606	11674
3146	12258
9062	18382
7108	16341
5569	14759
826	9901
5219	14385
5299	14446
700	9777
4000	13142
8932	18257
6255	15489
8377	17653
3639	12758
7524	16770
753	9831
8464	17763
6940	16167
5494	14665
4305	13465
20	9111
5954	15150
4380	13548
7138	16369
2958	12062
7008	16251
3309	12413
5514	14685
7085	16320
2365	11409
5002	14181
7688	16941
8873	18194
4723	13881
6840	16059
8178	17456
669	9751
2615	11685
510	9604
3253	12350
4819	13973
1819	10836
7718	16970
3785	12913
7856	17110
5978	15174
3766	12892
768	9843
5409	14564
8592	17901
5419	14572
8772	18077
380	9472
6059	15253
3505	12619
3177	12291
7411	16642
7349	16580
2323	11374
5328	14470
4140	13286
205	9326
2865	11963
3267	12369
3899	13038
3159	12276
4715	13875
5086	14268
8174	17451
995	10060
8600	17909
6390	15620
310	9413
375	9467
3327	12425
4267	13424
3404	12511
4654	13810
8197	17471
3105	12227
104	9210
8986	18313
6256	15490
1248	10300
7012	16255
6842	16065
2436	11488
668	9749
8760	18070
7537	16787
7260	16494
2949	12055
4676	13839
8185	17461
4569	13737
8656	17961
2341	11387
5298	14444
5548	14732
7037	16279
5568	14758
2656	11740
6235	15466
8702	18020
4571	13739
3884	13022
5536	14712
8107	17387
4285	13442
8597	17905
506	9597
2247	11289
4834	13984
8857	18177
2115	11165
6026	15226
2201	11244
7393	16624
4980	14144
1862	10877
1273	10321
6183	15394
7052	16290
3949	13086
2327	11379
2620	11693
6091	15295
4488	13666
7992	17264
2853	11939
5562	14744
5508	14679
3675	12803
4748	13900
7970	17239
4672	13831
6244	15474
1617	10659
1489	10531
4432	13600
7378	16610
8554	17862
8207	17481
1687	10711
4543	13711
5960	15152
1420	10453
5200	14369
6735	15938
5734	14924
5791	14988
1532	10572
2374	11424
6450	15668
541	9632
884	9952
5622	14811
7437	16670
2675	11763
3206	12308
7342	16569
4181	13334
6704	15912
8210	17484
5870	15079
4864	14015
8381	17662
42	9137
2344	11391
8493	17799
3288	12406
3323	12422
1746	10765
7010	16253
8102	17376
5685	14881
2542	11586
740	9818
2936	12041
8118	17401
3059	12174
8479	17786
4760	13912
2642	11716
8293	17586
1166	10222
6043	15234
909	9973
936	9997
1182	10240
1150	10204
276	9376
6111	15313
7657	16906
8476	17781
1688	10714
5160	14331
4504	13679
4771	13928
3102	12223
8774	18078
3222	12317
2787	11862
8241	17523
2823	11908
1476	10522
4689	13852
2381	11428
6514	15726
7999	17269
8849	18165
2536	11581
4691	13855
8644	17956
5209	14381
1591	10634
5868	15075
871	9940
3225	12319
1871	10890
1738	10758
6635	15837
3622	12746
563	9648
7570	16832
7740	16991
4097	13245
1443	10481
3858	12987
3478	12576
7348	16576
6488	15707
7166	16396
229	9344
4360	13531
7602	16861
9003	18324
8936	18260
5067	14242
7648	16897
2881	11996
8843	18157
8976	18303
7054	16292
8495	17802
3025	12136
3112	12231
6913	16131
7001	16242
3438	12544
552	9642
4042	13180
1209	10263
4135	13282
1700	10732
6702	15905
8874	18197
8258	17543
7552	16812
4658	13815
1551	10588
3959	13097
8116	17395
1876	10895
6423	15648
9073	18395
3549	12669
1952	10984
5511	14682
29	9119
6312	15534
7972	17242
5189	14360
7942	17202
3425	12531
7612	16875
8272	17564
566	9655
807	9875
8949	18276
7174	16405
4254	13408
3577	12698
7077	16310
5113	14295
969	10034
1988	11028
7771	17028
7813	17073
6682	15880
2418	11469
6609	15806
4252	13405
6439	15659
4700	13862
4022	13165
4893	14049
2994	12111
412	9511
5447	14609
512	9607
1081	10147
6443	15663
8263	17549
7934	17192
7118	16352
5552	14736
3868	12998
5667	14859
6761	15961
3141	12254
3233	12333
3940	13081
6989	16229
6691	15887
6131	15333
7691	16945
4915	14067
6519	15729
470	9572
2778	11851
2067	11116
3114	12232
2228	11272
896	9960
645	9731
8536	17845
1786	10807
1573	10615
7355	16586
7310	16543
1964	11007
7148	16379
411	9509
5712	14905
5332	14473
1701	10729
272	9373
97	9204
5821	15025
4796	13952
190	9309
5649	14835
5865	15072
6038	15231
1357	10392
2728	11810
7795	17056
328	9425
5564	14754
8013	17282
4918	14072
8092	17364
3278	12391
2650	11726
8325	17606
7948	17211
3154	12269
7295	16535
1619	10662
4922	14080
8966	18293
4092	13238
3510	12626
7188	16414
3360	12462
8848	18164
5896	15099
6921	16143
5480	14649
8387	17677
8001	17270
8754	18058
6548	15746
8371	17645
6252	15485
704	9783
5174	14345
327	9424
5587	14778
3887	13025
7940	17199
765	9837
3641	12762
1643	10681
4695	13860
8519	17833
6762	15962
3289	12408
2488	11536
434	9534
3599	12721
6122	15323
3135	12249
4213	13364
6081	15287
7428	16664
2370	11418
5117	14298
5723	14916
6145	15351
3036	12145
5272	14419
3408	12514
278	9378
459	9563
7671	16923
3494	12597
7424	16660
4472	13642
6475	15692
6562	15760
5460	14620
1319	10352
622	9704
4729	13888
3210	12309
6444	15664
8782	18086
6489	15708
8577	17884
1519	10563
3647	12765
3017	12129
956	10019
3670	12796
7791	17052
3814	12946
4161	13308
307	9409
6983	16216
1849	10858
5388	14538
1181	10239
3152	12264
4239	13393
6902	16121
1329	10359
3917	13057
8979	18306
2993	12110
8904	18228
2069	11117
2688	11775
4013	13156
2622	11695
2054	11101
898	9963
3878	13010
5208	14379
7281	16515
971	10035
6943	16174
2685	11773
1287	10335
2879	11992
8211	17489
6365	15591
6387	15617
712	9794
8047	17325
9050	18371
28	9118
1637	10677
6961	16195
9010	18332
4208	13359
7617	16879
4965	14124
5777	14981
4754	13906
5520	14694
4114	13257
3368	12472
4012	13155
1836	10844
1677	10700
2366	11411
5090	14273
4260	13418
1970	11013
7159	16389
5034	14212
3122	12240
7717	16972
3220	12314
4474	13645
6193	15407
2256	11295
6493	15710
612	9694
34	9122
8971	18299
3929	13068
8391	17683
1997	11042
7397	16627
7846	17098
7936	17195
5867	15073
5843	15050
3282	12394
2599	11666
2986	12102
4674	13836
1801	10821
3049	12167
6194	15409
2152	11199
3933	13071
921	9978
335	9435
8962	18288
2361	11406
1497	10537
844	9916
5565	14750
7267	16502
1062	10122
2074	11123
3465	12564
4515	13692
2508	11558
8965	18292
4870	14021
6799	16013
2832	11920
8762	18073
6227	15454
8220	17499
2775	11850
985	10051
734	9814
5583	14772
1046	10103
3977	13123
3064	12176
8854	18171
4165	13314
8721	18037
2609	11678
2560	11608
6930	16155
8461	17759
1430	10464
5317	14460
1518	10562
626	9709
7741	16994
2146	11191
1041	10098
6429	15650
6200	15417
6853	16072
6231	15457
3172	12289
4280	13435
3824	12953
4563	13732
54	9155
426	9527
4175	13328
1076	10142
7772	17031
5787	14983
5810	15019
2080	11129
4194	13342
798	9865
1339	10375
5617	14802
8445	17748
1703	10733
7488	16734
1790	10812
1628	10673
8425	17730
2467	11514
7585	16849
4810	13968
2876	11985
1887	10910
6152	15361
883	9951
5007	14182
6215	15440
2082	11130
840	9912
3119	12237
9040	18357
4661	13816
1204	10253
7211	16439
7242	16477
4431	13595
7381	16612
4852	14005
6466	15687
7053	16291
2235	11276
2388	11439
7079	16315
2269	11303
141	9247
3011	12125
2283	11328
6664	15867
1620	10658
1607	10650
8437	17741
3585	12708
8448	17750
2746	11825
2284	11330
5533	14710
6109	15312
1406	10440
4253	13406
6187	15398
3618	12740
3750	12877
5220	14387
2875	11982
7921	17180
4707	13867
3761	12888
781	9857
7353	16584
7495	16745
8265	17550
8292	17585
2309	11365
4460	13629
6593	15794
134	9240
246	9358
4167	13315
2351	11396
1245	10296
7392	16623
8045	17320
5122	14301
2203	11245
697	9772
6327	15557
5571	14760
2569	11620
465	9566
3442	12548
7051	16289
7882	17130
7885	17137
383	9479
4887	14040
8105	17385
1268	10317
7815	17074
2415	11462
7239	16471
3261	12363
7169	16398
3612	12736
7083	16318
2857	11950
2841	11928
5915	15122
6386	15616
1903	10926
8928	18252
5334	14475
3985	13128
7870	17120
6168	15383
5254	14412
5087	14270
3363	12465
1798	10818
1269	10318
1660	10691
1186	10245
6991	16231
4573	13740
469	9571
3633	12754
8192	17464
6612	15807
8287	17583
699	9776
1810	10826
7337	16565
481	9578
4763	13919
7274	16513
384	9480
6311	15533
8130	17416
4698	13861
927	9984
50	9150
7168	16397
3436	12543
8128	17414
5679	14871
5812	15021
5424	14574
5676	14866
2158	11206
8802	18099
3345	12438
2199	11243
8757	18064
851	9920
1040	10097
215	9334
3037	12146
1306	10346
6233	15459
3266	12367
8079	17354
1722	10747
6996	16235
6835	16053
7802	17066
5130	14302
7831	17085
4469	13639
6621	15819
1405	10437
5476	14643
7216	16448
2137	11181
2774	11847
7419	16659
7076	16309
3564	12683
3615	12739
4481	13663
8478	17785
1368	10403
8368	17643
5289	14434
2797	11873
6357	15587
6198	15413
1320	10353
8719	18035
4325	13486
5861	15071
1635	10675
4801	13957
2826	11909
6121	15320
1151	10205
2809	11890
2416	11463
5666	14858
10	9102
1435	10469
67	9161
2974	12085
5394	14541
5470	14630
5872	15084
6302	15527
8784	18090
1763	10788
5152	14324
6819	16031
1468	10509
6112	15315
47	9148
4885	14039
4334	13499
910	9974
2036	11077
6554	15752
7891	17143
7316	16551
1345	10382
6772	15971
6816	16028
9008	18329
2021	11069
8314	17597
5560	14741
4848	14003
4371	13537
6217	15447
6929	16154
1346	10383
8239	17520
7335	16566
7368	16597
1702	10730
3969	13114
3451	12552
4958	14116
5248	14407
7479	16726
2392	11444
8299	17589
4443	13612
6373	15599
8465	17767
1515	10561
8933	18258
962	10025
5412	14567
8481	17787
2076	11125
6892	16115
2506	11552
230	9345
5301	14447
8509	17824
4284	13441
2362	11407
996	10062
6925	16149
1031	10087
1938	10966
3359	12459
5811	15020
2523	11567
1449	10488
4734	13891
6914	16132
3958	13095
8059	17342
8482	17790
6750	15952
8507	17820
6201	15419
5971	15168
6780	15986
8161	17440
4953	14108
4589	13757
6542	15742
6834	16050
6770	15970
2234	11275
268	9369
3013	12128
4475	13648
7842	17097
3477	12577
5206	14376
4199	13350
7849	17103
4815	13970
632	9717
4708	13868
3575	12697
7269	16506
4579	13749
3826	12954
5855	15060
3416	12526
4157	13303
1706	10737
3392	12503
4246	13399
4671	13830
7150	16383
1949	10981
7912	17166
266	9367
1822	10839
2083	11131
1252	10304
1621	10666
1012	10073
8502	17807
483	9579
7863	17115
1998	11044
4865	14016
7145	16374
8898	18222
6507	15717
36	9125
5871	15083
3613	12737
6335	15565
6079	15286
6434	15655
8710	18026
242	9355
5089	14272
2118	11169
4173	13325
5136	14309
6418	15643
6949	16182
290	9383
2432	11485
4235	13388
4623	13787
3260	12362
3967	13111
2237	11278
3702	12824
8623	17938
5026	14202
7236	16469
2191	11236
4309	13472
3630	12752
980	10045
3605	12726
7746	17000
7287	16528
3847	12975
334	9433
143	9248
8525	17837
2780	11852
9019	18344
6470	15691
1414	10448
8993	18321
5303	14448
7155	16386
2457	11504
2965	12067
4780	13932
4797	13954
8254	17538
4408	13569
3781	12909
6575	15775
4383	13551
8267	17553
6701	15900
6711	15919
7087	16321
4970	14133
2524	11570
3648	12767
597	9675
8232	17508
546	9636
4816	13969
5350	14496
6318	15548
739	9817
3924	13062
686	9762
8431	17735
1995	11037
1270	10319
39	9127
4448	13618
589	9666
2194	11238
7059	16297
4830	13978
4666	13825
5517	14688
1302	10343
4955	14111
3415	12525
2357	11399
3232	12332
5796	14998
6553	15751
4792	13943
6676	15876
7983	17254
1784	10806
3430	12532
8016	17285
1058	10116
9030	18354
1389	10420
4055	13192
8166	17444
2858	11951
553	9643
4251	13404
7580	16845
7417	16654
3489	12586
1274	10320
1581	10626
8492	17797
5701	14896
4273	13429
6773	15974
2095	11142
4275	13432
1547	10584
6625	15822
3711	12837
225	9340
8483	17791
8355	17634
7298	16537
2052	11098
1133	10191
2579	11639
2722	11807
5881	15092
879	9950
7584	16848
5975	15173
2748	11827
7914	17168
7659	16910
1727	10749
1487	10529
3411	12519
1918	10942
2647	11720
8315	17598
2983	12091
8497	17803
5115	14296
9011	18335
3432	12536
4438	13608
6389	15619
592	9667
1930	10960
2683	11770
5563	14752
4524	13696
208	9329
5579	14766
3518	12631
4867	14020
1601	10644
254	9362
4889	14043
5300	14445
4959	14117
1254	10309
4299	13454
3339	12433
3371	12476
7758	17013
3346	12439
5926	15129
5382	14528
1123	10184
1861	10875
6792	16003
4784	13934
436	9538
7285	16523
4572	13738
7806	17069
3100	12222
6745	15944
7510	16761
82	9185
78	9174
3471	12572
4354	13524
6684	15881
4727	13887
4853	14004
8506	17817
1486	10528
3367	12471
1032	10089
2684	11771
8626	17944
4924	14083
4084	13223
2138	11183
8440	17744
1258	10311
1354	10391
2306	11362
2831	11919
1737	10756
2358	11400
1335	10368
7315	16550
4930	14092
4090	13233
5478	14646
4581	13750
5684	14880
6658	15854
3672	12799
6873	16099
2368	11415
6968	16204
2018	11066
4999	14176
2627	11698
5402	14549
4031	13170
5532	14707
1275	10323
1381	10414
984	10049
8860	18183
8572	17880
3094	12215
6076	15283
5837	15042
4054	13193
2004	11052
275	9375
3746	12872
6764	15963
4603	13767
7324	16560
4378	13546
430	9530
7241	16476
338	9437
4449	13619
2945	12050
7716	16966
3496	12600
1157	10209
31	9120
2862	11958
5759	14957
1939	10968
4035	13172
3410	12518
732	9811
1421	10455
305	9408
4272	13428
8906	18233
2773	11846
5665	14857
6550	15748
2781	11854
7864	17117
6113	15316
5727	14918
8230	17507
5165	14340
8856	18175
3789	12922
6204	15427
1554	10593
6954	16184
6212	15438
3409	12516
1879	10897
4051	13188
415	9516
