2580	2554
6219	6359
2133	2089
1400	1342
1553	1505
5847	5968
79	91
7712	7879
3783	3824
3593	3630
6509	6637
8378	8570
7884	8050
5450	5527
8586	8807
5135	5225
1131	1104
3662	3698
1698	1641
4735	4804
4335	4414
7763	7930
6917	7050
8635	8868
1170	1140
7541	7712
1263	1228
2969	2987
3911	3965
4664	4736
8142	8345
873	859
4604	4682
1959	1911
6047	6152
5013	5101
2605	2585
1049	1021
490	502
2519	2477
8423	8639
7589	7765
660	657
7215	7361
139	158
5440	5510
2828	2828
2568	2533
4176	4245
2398	2363
2324	2289
151	171
6532	6654
2382	2343
2240	2197
5690	5804
4126	4182
4570	4656
8477	8698
3155	3187
8010	8193
6791	6914
6713	6834
3259	3275
6261	6419
410	421
2637	2624
6527	6649
3794	3843
862	845
158	185
1233	1201
2744	2736
8973	9215
1890	1828
3340	3349
2147	2106
7098	7245
3005	3037
5100	5203
4342	4422
8054	8247
8273	8479
4646	4719
5479	5562
2489	2451
2094	2058
843	829
7448	7597
4170	4232
513	522
4984	5067
7458	7606
1159	1126
8404	8613
4702	4777
1577	1532
7282	7430
5529	5618
8722	8952
7517	7680
7375	7520
2507	2468
1122	1095
3313	3329
1569	1521
2537	2496
1136	1108
8356	8549
401	412
2077	2038
5069	5158
5966	6074
4501	4588
8677	8895
1806	1738
270	286
2452	2413
3193	3214
3643	3677
784	773
4226	4293
6130	6245
8339	8539
178	211
5745	5853
8972	9214
3097	3130
1945	1889
727	723
5620	5722
2271	2224
7374	7518
1982	1937
5373	5432
2641	2629
8687	8913
5169	5257
8103	8291
5076	5164
6149	6270
2757	2747
6196	6324
5671	5776
6014	6129
7475	7638
7549	7725
322	336
8204	8391
1085	1064
586	577
386	395
8718	8947
9055	9289
3108	3142
4423	4506
1650	1600
7041	7194
7190	7329
5464	5537
5032	5122
5461	5535
821	806
22	27
3775	3815
302	315
431	445
7694	7863
6394	6538
2475	2434
1043	1013
5509	5594
1322	1269
1809	1739
7675	7841
6703	6824
1462	1418
6333	6478
2706	2705
7893	8060
7266	7413
6336	6481
2238	2193
5714	5818
8534	8758
1514	1473
100	121
7207	7348
1815	1744
2480	2437
3447	3464
3501	3528
5247	5319
968	945
6896	7031
8717	8946
893	872
3664	3703
6096	6212
2197	2154
5396	5456
6670	6784
7057	7208
5937	6052
1206	1171
978	957
432	446
2806	2801
1690	1630
2464	2426
9053	9288
6754	6871
8219	8412
7264	7411
378	383
1616	1568
4043	4095
1074	1053
3144	3170
2291	2257
5372	5431
5399	5459
8083	8273
1237	1204
1015	991
3955	4005
5609	5709
1603	1561
8612	8839
7367	7508
6677	6791
6659	6771
6751	6868
1229	1199
908	886
6234	6383
4456	4539
3204	3220
8125	8324
6801	6930
7796	7973
7154	7299
8990	9233
7581	7760
6126	6238
5692	5806
1183	1155
5909	6027
2708	2708
1124	1099
1361	1310
6392	6536
942	921
3730	3771
720	713
5675	5779
6242	6387
1343	1294
1542	1491
5401	5462
855	839
7610	7785
206	241
2438	2404
5629	5731
2606	2588
3146	3172
9062	9296
7108	7255
5569	5673
826	815
5219	5299
5299	5360
700	691
4000	4056
8932	9171
6255	6403
8377	8567
3639	3672
7524	7684
753	745
8464	8677
6940	7081
5494	5579
4305	4379
20	25
5954	6064
4380	4462
7138	7283
2958	2976
7008	7165
3309	3327
5514	5599
7085	7234
2365	2323
5002	5095
7688	7855
8873	9108
4723	4795
6840	6973
8178	8370
669	665
2615	2599
510	518
3253	3264
4819	4887
1819	1750
7718	7884
3785	3827
7856	8024
5978	6088
3766	3806
768	757
5409	5478
8592	8815
5419	5486
8772	8991
380	386
6059	6167
3505	3533
3177	3205
7411	7556
7349	7494
2323	2288
5328	5384
4140	4200
205	240
2865	2877
3267	3283
3899	3952
3159	3190
4715	4789
5086	5182
8174	8365
995	974
8600	8823
6390	6534
310	327
375	381
3327	3339
4267	4338
3404	3425
4654	4724
8197	8385
3105	3141
104	124
8986	9227
6256	6404
1248	1214
7012	7169
6842	6979
2436	2402
668	663
8760	8984
7537	7701
7260	7408
2949	2969
4676	4753
8185	8375
4569	4651
8656	8875
2341	2301
5298	5358
5548	5646
7037	7193
5568	5672
2656	2654
6235	6380
8702	8934
4571	4653
3884	3936
5536	5626
8107	8301
4285	4356
8597	8819
506	511
2247	2203
4834	4898
8857	9091
2115	2079
6026	6140
2201	2158
7393	7538
4980	5058
1862	1791
1273	1235
6183	6308
7052	7204
3949	4000
2327	2293
2620	2607
6091	6209
4488	4580
7992	8178
2853	2853
5562	5658
5508	5593
3675	3717
4748	4814
7970	8153
4672	4745
6244	6388
1617	1573
1489	1445
4432	4514
7378	7524
8554	8776
8207	8395
1687	1625
4543	4625
5960	6066
1420	1367
5200	5283
6735	6852
5734	5838
5791	5902
1532	1486
2374	2338
6450	6582
541	546
884	866
5622	5725
7437	7584
2675	2677
3206	3222
7342	7483
4181	4248
6704	6826
8210	8398
5870	5993
4864	4929
8381	8576
42	51
2344	2305
8493	8713
3288	3320
3323	3336
1746	1679
7010	7167
8102	8290
5685	5795
2542	2500
740	732
2936	2955
8118	8315
3059	3088
8479	8700
4760	4826
2642	2630
8293	8500
1166	1136
6043	6148
909	887
936	911
1182	1154
1150	1118
276	290
6111	6227
7657	7820
8476	8695
1688	1628
5160	5245
4504	4593
4771	4842
3102	3137
8774	8992
3222	3231
2787	2776
8241	8437
2823	2822
1476	1436
4689	4766
2381	2342
6514	6640
7999	8183
8849	9079
2536	2495
4691	4769
8644	8870
5209	5295
1591	1548
5868	5989
871	854
3225	3233
1871	1804
1738	1672
6635	6751
3622	3660
563	562
7570	7746
7740	7905
4097	4159
1443	1395
3858	3901
3478	3490
7348	7490
6488	6621
7166	7310
229	258
4360	4445
7602	7775
9003	9238
8936	9174
5067	5156
7648	7811
2881	2910
8843	9071
8976	9217
7054	7206
8495	8716
3025	3050
3112	3145
6913	7045
7001	7156
3438	3458
552	556
4042	4094
1209	1177
4135	4196
1700	1646
6702	6819
8874	9111
8258	8457
7552	7726
4658	4729
1551	1502
3959	4011
8116	8309
1876	1809
6423	6562
9073	9309
3549	3583
1952	1898
5511	5596
29	33
6312	6448
7972	8156
5189	5274
7942	8116
3425	3445
7612	7789
8272	8478
566	569
807	789
8949	9190
7174	7319
4254	4322
3577	3612
7077	7224
5113	5209
969	948
1988	1942
7771	7942
7813	7987
6682	6794
2418	2383
6609	6720
4252	4319
6439	6573
4700	4776
4022	4079
4893	4963
2994	3025
412	425
5447	5523
512	521
1081	1061
6443	6577
8263	8463
7934	8106
7118	7266
5552	5650
3868	3912
5667	5773
6761	6875
3141	3168
3233	3247
3940	3995
6989	7143
6691	6801
6131	6247
7691	7859
4915	4981
6519	6643
470	486
2778	2765
2067	2030
3114	3146
2228	2186
896	874
645	645
8536	8759
1786	1721
1573	1529
7355	7500
7310	7457
1964	1921
7148	7293
411	423
5712	5819
5332	5387
1701	1643
272	287
97	118
5821	5939
4796	4866
190	223
5649	5749
5865	5986
6038	6145
1357	1306
2728	2724
7795	7970
328	339
5564	5668
8013	8196
4918	4986
8092	8278
3278	3305
2650	2640
8325	8520
7948	8125
3154	3183
7295	7449
1619	1576
4922	4994
8966	9207
4092	4152
3510	3540
7188	7328
3360	3376
8848	9078
5896	6013
6921	7057
5480	5563
8387	8591
8001	8184
8754	8972
6548	6660
8371	8559
6252	6399
704	697
5174	5259
327	338
5587	5692
3887	3939
7940	8113
765	751
3641	3676
1643	1595
4695	4774
8519	8747
6762	6876
3289	3322
2488	2450
434	448
3599	3635
6122	6237
3135	3163
4213	4278
6081	6201
7428	7578
2370	2332
5117	5212
5723	5830
6145	6265
3036	3059
5272	5333
3408	3428
278	292
459	477
7671	7837
3494	3511
7424	7574
4472	4556
6475	6606
6562	6674
5460	5534
1319	1266
622	618
4729	4802
3210	3223
6444	6578
8782	9000
6489	6622
8577	8798
1519	1477
3647	3679
3017	3043
956	933
3670	3710
7791	7966
3814	3860
4161	4222
307	323
6983	7130
1849	1772
5388	5452
1181	1153
3152	3178
4239	4307
6902	7035
1329	1273
3917	3971
8979	9220
2993	3024
8904	9142
2069	2031
2688	2689
4013	4070
2622	2609
2054	2015
898	877
3878	3924
5208	5293
7281	7429
971	949
6943	7088
2685	2687
1287	1249
2879	2906
8211	8403
6365	6505
6387	6531
712	708
8047	8239
9050	9285
28	32
1637	1591
6961	7109
9010	9246
4208	4273
7617	7793
4965	5038
5777	5895
4754	4820
5520	5608
4114	4171
3368	3386
4012	4069
1836	1758
1677	1614
2366	2325
5090	5187
4260	4332
1970	1927
7159	7303
5034	5126
3122	3154
7717	7886
3220	3228
4474	4559
6193	6321
2256	2209
6493	6624
612	608
34	36
8971	9213
3929	3982
8391	8597
1997	1956
7397	7541
7846	8012
7936	8109
5867	5987
5843	5964
3282	3308
2599	2580
2986	3016
4674	4750
1801	1735
3049	3081
6194	6323
2152	2113
3933	3985
921	892
335	349
8962	9202
2361	2320
1497	1451
844	830
5565	5664
7267	7416
1062	1036
2074	2037
3465	3478
4515	4606
2508	2472
8965	9206
4870	4935
6799	6927
2832	2834
8762	8987
6227	6368
8220	8413
2775	2764
985	965
734	728
5583	5686
1046	1017
3977	4037
3064	3090
8854	9085
4165	4228
8721	8951
2609	2592
2560	2522
6930	7069
8461	8673
1430	1378
5317	5374
1518	1476
626	623
7741	7908
2146	2105
1041	1012
6429	6564
6200	6331
6853	6986
6231	6371
3172	3203
4280	4349
3824	3867
4563	4646
54	69
426	441
4175	4242
1076	1056
7772	7945
5787	5897
5810	5933
2080	2043
4194	4256
798	779
1339	1289
5617	5716
8445	8662
1703	1647
7488	7648
1790	1726
1628	1587
8425	8644
2467	2428
7585	7763
4810	4882
2876	2899
1887	1824
6152	6275
883	865
5007	5096
6215	6354
2082	2044
840	826
3119	3151
9040	9271
4661	4730
1204	1167
7211	7353
7242	7391
4431	4509
7381	7526
4852	4919
6466	6601
7053	7205
2235	2190
2388	2353
7079	7229
2269	2217
141	161
3011	3039
2283	2242
6664	6781
1620	1572
1607	1564
8437	8655
3585	3622
8448	8664
2746	2739
2284	2244
5533	5624
6109	6226
1406	1354
4253	4320
6187	6312
3618	3654
3750	3791
5220	5301
2875	2896
7921	8094
4707	4781
3761	3802
781	771
7353	7498
7495	7659
8265	8464
8292	8499
2309	2279
4460	4543
6593	6708
134	154
246	272
4167	4229
2351	2310
1245	1210
7392	7537
8045	8234
5122	5215
2203	2159
697	686
6327	6471
5571	5674
2569	2534
465	480
3442	3462
7051	7203
7882	8044
7885	8051
383	393
4887	4954
8105	8299
1268	1231
7815	7988
2415	2376
7239	7385
3261	3277
7169	7312
3612	3650
7083	7232
2857	2864
2841	2842
5915	6036
6386	6530
1903	1840
8928	9166
5334	5389
3985	4042
7870	8034
6168	6297
5254	5326
5087	5184
3363	3379
1798	1732
1269	1232
1660	1605
1186	1159
6991	7145
4573	4654
469	485
3633	3668
8192	8378
6612	6721
8287	8497
699	690
1810	1740
7337	7479
481	492
4763	4833
7274	7427
384	394
6311	6447
8130	8330
4698	4775
927	898
50	64
7168	7311
3436	3457
8128	8328
5679	5785
5812	5935
5424	5488
5676	5780
2158	2120
8802	9013
3345	3352
2199	2157
8757	8978
851	834
1040	1011
215	248
3037	3060
1306	1260
6233	6373
3266	3281
8079	8268
1722	1661
6996	7149
6835	6967
7802	7980
5130	5216
7831	7999
4469	4553
6621	6733
1405	1351
5476	5557
7216	7362
2137	2095
2774	2761
7419	7573
7076	7223
3564	3597
3615	3653
4481	4577
8478	8699
1368	1317
8368	8557
5289	5348
2797	2787
6357	6501
6198	6327
1320	1267
8719	8949
4325	4400
5861	5985
1635	1589
4801	4871
2826	2823
6121	6234
1151	1119
2809	2804
2416	2377
5666	5772
10	16
1435	1383
67	75
2974	2999
5394	5455
5470	5544
5872	5998
6302	6441
8784	9004
1763	1702
5152	5238
6819	6945
1468	1423
6112	6229
47	62
4885	4953
4334	4413
910	888
2036	1991
6554	6666
7891	8057
7316	7465
1345	1296
6772	6885
6816	6942
9008	9243
2021	1983
8314	8511
5560	5655
4848	4917
4371	4451
6217	6361
6929	7068
1346	1297
8239	8434
7335	7480
7368	7511
1702	1644
3969	4028
3451	3466
4958	5030
5248	5321
7479	7640
2392	2358
8299	8503
4443	4526
6373	6513
8465	8681
1515	1475
8933	9172
962	939
5412	5481
8481	8701
2076	2039
6892	7029
2506	2466
230	259
5301	5361
8509	8738
4284	4355
2362	2321
996	976
6925	7063
1031	1001
1938	1880
3359	3373
5811	5934
2523	2481
1449	1402
4734	4805
6914	7046
3958	4009
8059	8256
8482	8704
6750	6866
8507	8734
6201	6333
5971	6082
6780	6900
8161	8354
4953	5022
4589	4671
6542	6656
6834	6964
6770	6884
2234	2189
268	283
3013	3042
4475	4562
7842	8011
3477	3491
5206	5290
4199	4264
7849	8017
4815	4884
632	631
4708	4782
3575	3611
7269	7420
4579	4663
3826	3868
5855	5974
3416	3440
4157	4217
1706	1651
3392	3417
4246	4313
4671	4744
7150	7297
1949	1895
7912	8080
266	281
1822	1753
2083	2045
1252	1218
1621	1580
1012	987
8502	8721
483	493
7863	8029
1998	1958
4865	4930
7145	7288
8898	9136
6507	6631
36	39
5871	5997
3613	3651
6335	6479
6079	6200
6434	6569
8710	8940
242	269
5089	5186
2118	2083
4173	4239
5136	5223
6418	6557
6949	7096
290	297
2432	2399
4235	4302
4623	4701
3260	3276
3967	4025
2237	2192
3702	3738
8623	8852
5026	5116
7236	7383
2191	2150
4309	4386
3630	3666
980	959
3605	3640
7746	7914
7287	7442
3847	3889
334	347
143	162
8525	8751
2780	2766
9019	9258
6470	6605
1414	1362
8993	9235
5303	5362
7155	7300
2457	2418
2965	2981
4780	4846
4797	4868
8254	8452
4408	4483
3781	3823
6575	6689
4383	4465
8267	8467
6701	6814
6711	6833
7087	7235
4970	5047
2524	2484
3648	3681
597	589
8232	8422
546	550
4816	4883
5350	5410
6318	6462
739	731
3924	3976
686	676
8431	8649
1995	1951
1270	1233
39	41
4448	4532
589	580
2194	2152
7059	7211
4830	4892
4666	4739
5517	5602
1302	1257
4955	5025
3415	3439
2357	2313
3232	3246
5796	5912
6553	6665
4792	4857
6676	6790
7983	8168
1784	1720
3430	3446
8016	8199
1058	1030
9030	9268
1389	1334
4055	4106
8166	8358
2858	2865
553	557
4251	4318
7580	7759
7417	7568
3489	3500
1274	1234
1581	1540
8492	8711
5701	5810
4273	4343
6773	6888
2095	2056
4275	4346
1547	1498
6625	6736
3711	3751
225	254
8483	8705
8355	8548
7298	7451
2052	2012
1133	1105
2579	2553
2722	2721
5881	6006
879	864
7584	7762
5975	6087
2748	2741
7914	8082
7659	7824
1727	1663
1487	1443
3411	3433
1918	1856
2647	2634
8315	8512
2983	3005
8497	8717
5115	5210
9011	9249
3432	3450
4438	4522
6389	6533
592	581
1930	1874
2683	2684
5563	5666
4524	4610
208	243
5579	5680
3518	3545
4867	4934
1601	1558
254	276
4889	4957
5300	5359
4959	5031
1254	1223
4299	4368
3339	3347
3371	3390
7758	7927
3346	3353
5926	6043
5382	5442
1123	1098
1861	1789
6792	6917
4784	4848
436	452
7285	7437
4572	4652
7806	7983
3100	3136
6745	6858
7510	7675
82	99
78	88
3471	3486
4354	4438
6684	6795
4727	4801
4853	4918
8506	8731
1486	1442
3367	3385
1032	1003
2684	2685
8626	8858
4924	4997
4084	4137
2138	2097
8440	8658
1258	1225
1354	1305
2306	2276
2831	2833
1737	1670
2358	2314
1335	1282
7315	7464
4930	5006
4090	4147
5478	5560
4581	4664
5684	5794
6658	6768
3672	3713
6873	7013
2368	2329
6968	7118
2018	1980
4999	5090
2627	2612
5402	5463
4031	4084
5532	5621
1275	1237
1381	1328
984	963
8860	9097
8572	8794
3094	3129
6076	6197
5837	5956
4054	4107
2004	1966
275	289
3746	3786
6764	6877
4603	4681
7324	7474
4378	4460
430	444
7241	7390
338	351
4449	4533
2945	2964
7716	7880
3496	3514
1157	1123
31	34
2862	2872
5759	5871
1939	1882
4035	4086
3410	3432
732	725
1421	1369
305	322
4272	4342
8906	9147
2773	2760
5665	5771
6550	6662
2781	2768
7864	8031
6113	6230
5727	5832
8230	8421
5165	5254
8856	9089
3789	3836
6204	6341
1554	1507
6954	7098
6212	6352
3409	3430
1879	1811
4051	4102
415	430
