826	826
0	0
1	1
2	2
827	827
3	3
828	828
4	4
829	829
830	830
5	5
6	6
831	831
7	7
832	832
8	8
9	9
833	833
834	834
835	835
10	10
836	836
837	837
838	838
11	11
12	12
839	839
13	13
840	840
14	14
841	841
842	842
15	15
16	16
843	843
844	844
17	17
18	18
19	19
845	845
20	20
846	846
847	847
848	848
849	849
21	21
850	850
22	22
851	851
852	852
853	853
854	854
855	855
23	23
24	24
856	856
857	857
25	25
26	26
27	27
858	858
28	28
29	29
30	30
31	31
859	859
860	860
32	32
861	861
862	862
863	863
33	33
34	34
864	864
865	865
35	35
866	866
36	36
37	37
38	38
39	39
867	867
868	868
40	40
41	41
42	42
869	869
43	43
870	870
871	871
44	44
45	45
46	46
47	47
872	872
873	873
48	48
874	874
49	49
50	50
51	51
52	52
875	875
876	876
877	877
878	878
53	53
54	54
55	55
879	879
880	880
881	881
56	56
57	57
58	58
59	59
60	60
882	882
61	61
62	62
63	63
64	64
65	65
883	883
66	66
884	884
885	885
886	886
67	67
68	68
69	69
887	887
70	70
888	888
889	889
71	71
72	72
890	890
73	73
891	891
892	892
893	893
74	74
894	894
895	895
75	75
76	76
77	77
896	896
78	78
897	897
898	898
79	79
80	80
81	81
899	899
82	82
83	83
900	900
901	901
902	902
84	84
85	85
903	903
904	904
86	86
905	905
906	906
87	87
88	88
89	89
90	90
91	91
907	907
908	908
92	92
909	909
910	910
911	911
93	93
912	912
913	913
914	914
94	94
95	95
915	915
96	96
97	97
916	916
917	917
918	918
98	98
919	919
920	920
921	921
922	922
99	99
923	923
100	100
924	924
101	101
925	925
102	102
103	103
926	926
104	104
927	927
928	928
105	105
106	106
929	929
930	930
107	107
108	108
931	931
932	932
933	933
934	934
935	935
936	936
109	109
937	937
938	938
110	110
939	939
111	111
112	112
113	113
940	940
114	114
115	115
941	941
116	116
117	117
118	118
119	119
942	942
120	120
943	943
944	944
121	121
122	122
123	123
945	945
946	946
947	947
948	948
949	949
124	124
950	950
951	951
125	125
126	126
952	952
127	127
128	128
129	129
130	130
131	131
953	953
132	132
954	954
133	133
955	955
956	956
957	957
958	958
959	959
134	134
960	960
135	135
136	136
961	961
137	137
962	962
138	138
963	963
139	139
964	964
140	140
965	965
966	966
967	967
968	968
969	969
141	141
142	142
970	970
143	143
971	971
972	972
973	973
144	144
974	974
145	145
975	975
146	146
976	976
147	147
977	977
978	978
979	979
980	980
981	981
148	148
982	982
983	983
149	149
150	150
984	984
151	151
985	985
152	152
153	153
154	154
986	986
155	155
987	987
988	988
989	989
156	156
157	157
158	158
159	159
160	160
990	990
991	991
161	161
162	162
992	992
993	993
994	994
995	995
163	163
164	164
996	996
997	997
165	165
998	998
166	166
167	167
999	999
1000	1000
168	168
1001	1001
1002	1002
1003	1003
169	169
170	170
1004	1004
1005	1005
171	171
1006	1006
1007	1007
1008	1008
172	172
1009	1009
1010	1010
173	173
1011	1011
1012	1012
1013	1013
174	174
175	175
1014	1014
1015	1015
176	176
177	177
1016	1016
178	178
1017	1017
179	179
1018	1018
180	180
181	181
1019	1019
1020	1020
1021	1021
182	182
1022	1022
183	183
184	184
185	185
186	186
187	187
188	188
1023	1023
1024	1024
189	189
1025	1025
190	190
1026	1026
1027	1027
1028	1028
1029	1029
191	191
1030	1030
192	192
1031	1031
1032	1032
193	193
194	194
1033	1033
195	195
1034	1034
1035	1035
196	196
197	197
1036	1036
1037	1037
1038	1038
198	198
1039	1039
1040	1040
1041	1041
1042	1042
1043	1043
1044	1044
1045	1045
1046	1046
1047	1047
199	199
1048	1048
200	200
201	201
1049	1049
202	202
1050	1050
1051	1051
1052	1052
203	203
204	204
1053	1053
205	205
1054	1054
1055	1055
1056	1056
1057	1057
1058	1058
1059	1059
206	206
207	207
208	208
1060	1060
1061	1061
1062	1062
1063	1063
1064	1064
1065	1065
209	209
1066	1066
210	210
211	211
212	212
213	213
214	214
215	215
216	216
217	217
218	218
219	219
220	220
1067	1067
1068	1068
221	221
222	222
223	223
1069	1069
224	224
225	225
226	226
227	227
228	228
1070	1070
1071	1071
229	229
230	230
1072	1072
1073	1073
1074	1074
1075	1075
231	231
232	232
233	233
1076	1076
1077	1077
234	234
1078	1078
1079	1079
1080	1080
1081	1081
235	235
1082	1082
1083	1083
236	236
1084	1084
1085	1085
237	237
1086	1086
238	238
239	239
1087	1087
1088	1088
1089	1089
240	240
1090	1090
1091	1091
241	241
242	242
1092	1092
243	243
1093	1093
244	244
245	245
246	246
1094	1094
1095	1095
247	247
248	248
249	249
1096	1096
1097	1097
250	250
1098	1098
1099	1099
1100	1100
1101	1101
251	251
1102	1102
252	252
1103	1103
1104	1104
253	253
1105	1105
254	254
1106	1106
255	255
1107	1107
256	256
1108	1108
1109	1109
1110	1110
257	257
1111	1111
1112	1112
1113	1113
258	258
1114	1114
259	259
1115	1115
1116	1116
1117	1117
260	260
261	261
262	262
263	263
1118	1118
264	264
265	265
266	266
267	267
1119	1119
1120	1120
268	268
269	269
270	270
1121	1121
271	271
1122	1122
272	272
1123	1123
1124	1124
273	273
1125	1125
274	274
275	275
276	276
1126	1126
1127	1127
277	277
278	278
279	279
280	280
281	281
282	282
283	283
1128	1128
1129	1129
1130	1130
284	284
285	285
1131	1131
1132	1132
1133	1133
1134	1134
286	286
1135	1135
287	287
288	288
1136	1136
1137	1137
1138	1138
289	289
1139	1139
1140	1140
1141	1141
290	290
291	291
1142	1142
1143	1143
292	292
293	293
1144	1144
1145	1145
1146	1146
294	294
295	295
296	296
1147	1147
1148	1148
297	297
298	298
1149	1149
1150	1150
299	299
300	300
1151	1151
1152	1152
301	301
1153	1153
1154	1154
302	302
303	303
304	304
305	305
306	306
307	307
308	308
309	309
310	310
311	311
312	312
313	313
314	314
315	315
316	316
317	317
318	318
319	319
320	320
1155	1155
321	321
1156	1156
1157	1157
322	322
323	323
324	324
1158	1158
325	325
1159	1159
1160	1160
326	326
327	327
1161	1161
328	328
329	329
1162	1162
1163	1163
1164	1164
330	330
331	331
332	332
1165	1165
333	333
334	334
1166	1166
335	335
1167	1167
1168	1168
336	336
1169	1169
1170	1170
337	337
1171	1171
338	338
1172	1172
1173	1173
339	339
340	340
341	341
1174	1174
1175	1175
342	342
343	343
344	344
345	345
346	346
1176	1176
347	347
1177	1177
348	348
1178	1178
1179	1179
1180	1180
1181	1181
1182	1182
349	349
350	350
351	351
352	352
1183	1183
1184	1184
353	353
354	354
355	355
356	356
357	357
358	358
1185	1185
359	359
360	360
361	361
362	362
1186	1186
1187	1187
1188	1188
363	363
1189	1189
364	364
1190	1190
1191	1191
365	365
1192	1192
1193	1193
366	366
367	367
1194	1194
368	368
369	369
1195	1195
1196	1196
1197	1197
1198	1198
370	370
1199	1199
1200	1200
1201	1201
371	371
372	372
373	373
1202	1202
1203	1203
374	374
375	375
1204	1204
376	376
1205	1205
377	377
1206	1206
1207	1207
1208	1208
378	378
379	379
380	380
1209	1209
1210	1210
1211	1211
381	381
1212	1212
1213	1213
382	382
383	383
1214	1214
1215	1215
384	384
385	385
386	386
387	387
388	388
389	389
1216	1216
1217	1217
1218	1218
1219	1219
390	390
391	391
392	392
393	393
1220	1220
1221	1221
394	394
395	395
1222	1222
396	396
397	397
398	398
399	399
400	400
401	401
1223	1223
1224	1224
402	402
403	403
1225	1225
